000040
000890
000950
001070
001210
001260
001380
001420
001470
001550
001620
001770
002070
002140
002210
002360
002410
002420
002600
002630
002690
002700
002760
002820
002870
002880
002920
003010
003060
003080
003680
003780
004270
004450
004540
004650
004830
004890
005030
005320
005750
005820
006090
006200
006660
006740
006880
006980
007280
007590
007610
008250
008420
008500
008600
008700
008870
009180
009190
009200
009310
009320
009440
009460
009770
009810
010040
010400
010640
010770
011090
011150
011230
011300
011330
011390
012160
012280
012690
013000
013700
014130
014440
014910
015020
015260
017040
018500
019540
020710
020760
021050
023000
023150
023350
023810
023960
024070
024890
024900
025530
025560
025750
025890
026940
027740
030720
033230
033250
036090
038680
039610
041650
044380
047400
048430
051630
053260
055490
056360
058400
058730
065530
069460
069730
071090
074610
075180
078130
079810
079980
082850
085310
090080
090370
092440
092780
093240
095190
095270
100590
109070
109080
111110
111380
119650
120240
123700
129260
133820
143210
145210
155660
163560
173130
227950
238090
265560
290720
308170
309710
323350
347700
347860
352090
372910
378850
383800
402340
412350
413390
446070
452190
465770
480370
900140
950140
950160
950210
