000040
000220
000240
000590
000760
000850
000910
000950
001000
001070
001210
001260
001290
001380
001420
001470
001500
001550
001620
001770
001800
001810
001840
002070
002100
002140
002290
002360
002380
002410
002420
002600
002620
002630
002680
002690
002700
002760
002800
002820
002870
002880
002920
003010
003080
003580
003650
003680
003780
004270
004450
004540
004590
004650
004710
004720
004770
004830
004870
004890
004920
004990
005030
005110
005160
005320
005670
005720
005750
005820
005870
006040
006050
006090
006200
006490
006570
006660
006740
006880
006920
006980
007120
007280
007370
007530
007570
007590
007610
007680
007700
007770
007980
008060
008110
008250
008370
008420
008470
008500
008600
008700
008870
009140
009180
009190
009200
009310
009320
009440
009460
009620
009730
009770
009810
010040
010120
010240
010280
010400
010470
010640
010770
011080
011090
011150
011230
011300
011320
011330
011390
011420
012160
012170
012210
012280
012320
012340
012620
012690
013000
013700
013720
013810
014130
014190
014440
014570
014910
014950
015020
015260
016920
017000
017040
017180
017250
017480
017650
017860
018000
018470
018500
018620
018700
019490
019540
019660
019770
020180
020400
020710
020760
021040
021050
021080
021650
023000
023150
023350
023770
023790
023810
023960
024070
024120
024850
024890
024900
024940
025440
025530
025550
025560
025750
025870
025880
025890
025980
026910
026940
027040
027410
027580
027740
027830
029480
030720
031310
031510
031860
031980
032080
032280
032350
032540
032580
032680
032750
032790
032800
032860
032960
032980
033050
033200
033230
033250
033310
033320
033540
033830
034810
035200
035250
035290
035460
035480
035600
036090
036120
036220
036480
036620
036640
036830
037330
037370
037440
037760
038010
038530
038620
038680
038950
039010
039020
039130
039240
039290
039310
039420
039610
039740
041590
041650
042040
042940
043090
043100
043200
043220
043340
043360
043590
043910
044180
044380
044480
044780
044960
044990
045060
045300
045340
045510
045520
045660
046310
046390
047400
048410
048430
048470
048530
048550
048770
048830
049080
049120
049470
049480
049550
049800
049830
050110
050120
050760
050860
050960
051370
051380
051390
051490
051630
051980
052600
052860
052900
053060
053160
053260
053270
053290
053590
053620
053950
054040
054090
054180
054220
054300
054410
054620
054930
054940
055490
056360
056700
056730
057030
057680
058110
058400
058450
058730
058820
059100
060230
060260
060310
060370
060380
060480
060540
060850
060900
061040
061090
061250
062040
062970
063440
063760
064090
064480
064520
064800
065060
065130
065370
065420
065440
065530
065560
065570
065650
065690
065770
066130
066360
066670
066790
066900
067010
067170
067370
067570
067730
067770
068050
068100
068290
068940
069140
069330
069460
069730
070300
070590
070960
071090
071670
071850
071950
072130
072770
072990
073110
073190
073540
073570
073640
074610
075130
075180
075970
076080
076610
077360
078070
078130
078590
078860
079000
079160
079170
079190
079650
079810
079900
079950
079970
079980
080010
080160
080220
080470
080530
080720
081150
081180
081580
082210
082660
082800
082850
083470
083550
083640
083660
083790
083930
084180
084440
084870
085310
086060
086980
087010
087260
088280
088290
088340
088790
088910
089140
089150
089590
089790
089860
089970
090080
090150
090370
090410
091340
091440
091590
091810
091970
092300
092440
092600
092780
092870
093240
093370
093380
094860
094970
095190
095270
095700
095910
096610
096630
096690
096870
097780
097800
098070
098660
099220
099390
099410
099520
099830
100030
100590
100660
100790
101000
101240
101390
101400
101670
101680
101930
102370
103230
103840
104040
104620
105760
106080
106240
107640
108230
109070
109080
109670
109820
109860
110020
110790
110990
111110
111380
111710
113810
114090
114630
115450
115480
115530
115570
115610
118000
119500
119650
120240
121850
121890
122310
122690
122990
123010
123570
123700
123750
123840
125020
125490
126640
126700
126730
126880
127710
127980
128540
128660
129260
129890
130500
130740
131090
131100
131180
131220
131760
133750
133820
134060
134580
134790
136150
136410
137080
137940
138360
139050
139670
140070
140430
140520
140910
141000
141080
142760
143210
143540
145170
145210
145270
146060
147760
148250
148780
148930
150900
151860
153460
153490
153710
154030
154040
155650
155660
159010
160190
162300
163280
163560
169330
170030
170790
171010
173130
174900
175140
175250
176750
177350
177830
177900
178780
179530
183490
184230
185490
186230
187270
187870
188040
188260
189330
189690
189860
191410
192080
192390
193250
194480
195500
196170
196300
196450
196490
196700
197140
198080
198440
198940
199430
199480
199550
200130
200230
200350
200880
203450
203690
204020
204210
204610
204620
204840
205470
205500
206400
206560
207760
208140
208350
208640
208710
208860
209640
210120
210980
211270
212710
214260
214610
215090
215100
215380
215480
215600
215790
216050
217190
217590
217620
217820
219420
219550
219750
220180
221800
221840
221980
222040
222110
222160
222420
222980
224060
224110
225220
225430
225570
225590
226330
226340
226590
227100
227610
227950
228340
228670
228760
229000
230240
230980
232830
234030
234080
234100
234300
234920
235980
237750
237820
238090
238120
238200
239340
239610
239890
240550
240600
241690
241790
241820
241840
244460
245620
246250
246690
246710
246720
246960
247660
250000
250930
251630
252500
253840
254120
256150
256630
256940
257370
258610
258790
258830
259630
260660
260930
261200
262260
262840
263020
263050
263600
263690
263750
263770
263800
263810
263920
264660
265560
267790
270520
270870
271830
272450
273060
273640
274400
275630
276730
277070
277410
279600
284620
285800
286750
287840
288620
288980
289010
289220
289930
290090
290120
290270
290520
290560
290670
290720
291650
291810
293580
293940
294090
294140
294630
295310
296640
297570
298380
299660
299900
300120
301300
302430
302440
303030
303360
303530
303810
304100
304840
305090
306040
307280
307870
308080
308100
308170
308430
309710
309930
309960
310870
311320
311390
312610
313760
314130
314140
314930
315640
317120
317240
317450
317530
317690
317850
317870
318000
318010
318020
318060
318160
318410
320000
321260
321550
321820
322510
322780
323350
323990
326030
328380
330730
331380
331520
331740
331920
332290
332370
333050
333620
334890
334970
335810
335870
336060
336680
338100
338220
338840
340440
340450
340810
340930
342870
344860
347000
347700
347740
347770
347850
347860
347890
348030
348080
350520
351320
351330
351870
352090
352700
352770
352910
352940
353190
353590
354200
355390
355690
356890
357250
357430
359090
360350
361570
361670
362990
363250
363260
364950
365330
365590
365900
367000
368600
368970
372170
372800
372910
373110
373160
373170
373200
376180
376290
376930
376980
377030
377190
377220
377300
377330
378800
378850
380550
381620
382150
382480
383800
383930
387570
388210
389650
389680
391710
393210
393970
394280
394800
396470
396690
397810
398120
402030
402340
402490
403490
405000
405920
406820
407400
408900
411080
412350
412540
413390
413630
413640
415380
416180
417180
417200
417790
418250
418620
419050
419080
419120
419540
420570
424760
424870
424980
429270
430690
431190
432430
432470
432720
432980
434480
435570
437730
438700
439260
440290
440320
443060
443670
444530
445090
445180
446070
446540
446840
448280
448900
450330
450520
450950
451250
451760
452160
452190
452200
452280
452300
452400
452430
452450
453450
453860
455180
455900
456070
456160
457370
457550
457600
458650
458870
459100
459510
459550
460470
460870
460930
460940
461030
461300
462310
462510
462860
462870
462980
463020
463480
464080
464280
464500
464580
465480
465770
466100
466410
468530
469610
469750
471820
472850
473980
474170
474610
474650
475150
475230
475400
475430
475560
475580
475660
475830
475960
476040
476080
478340
478560
479960
480370
481070
481850
482630
483650
484120
484590
484810
484870
486990
487570
488280
489460
489500
489790
493330
494120
499790
900140
950140
950160
950190
950210
950220
