000070
000120
001200
001270
001290
001500
001720
001750
001800
002150
002790
003090
003470
003530
003540
003670
004430
004440
004450
004540
004490
004560
004650
004690
004700
004710
004720
004770
004800
004830
004840
004870
004910
004890
004920
004960
004970
004980
004990
005010
005030
005070
005090
005110
005160
005180
005250
005290
005300
005320
005360
005380
005430
005440
005420
005490
005500
005610
005680
005690
005710
005720
005740
005750
005800
005810
005820
005850
005860
005870
005950
005880
005930
005960
005990
006040
006060
006090
006110
006120
006140
006200
006260
006280
006340
006360
006370
006380
006490
006570
006400
006620
006650
006660
006740
006730
006800
006840
006880
006890
006910
007070
006980
007110
007120
007210
007160
007280
007310
007340
007390
007460
007540
007570
007590
007610
007660
007690
007700
007810
007820
007860
007980
008040
008060
008110
008250
008260
008350
008420
008490
008500
008600
008700
008730
008770
008830
008870
008930
008970
009070
009140
009150
009160
009180
009190
009200
009240
009270
009290
009300
009310
009320
009410
009450
009420
009440
009460
009470
009520
009540
009580
009680
009770
009780
009810
009830
009900
009970
010060
010100
010040
010130
010120
010140
010170
010400
010580
010640
010660
010690
010770
010780
010950
010820
010960
011000
011040
011070
011090
011150
011170
011210
011200
011230
011280
011300
011330
011390
011370
011420
011560
011500
011690
011700
011760
011780
011790
012030
011930
011810
012170
012160
012210
012200
012280
012320
012330
012450
012510
012610
012690
012630
012750
012800
012860
013000
013030
013310
013120
013360
013580
013700
013570
013870
013890
013990
014130
014160
014280
014440
014530
014580
014620
014680
014710
014790
014820
014830
014910
014950
014940
014990
014970
015020
015260
015230
015360
015590
015750
015760
015890
015860
016090
016380
016450
016580
016590
016610
016710
016740
016790
016800
016880
017040
017180
017370
017390
017510
017550
017670
017800
017810
017860
017890
017940
017900
017960
018000
018120
018250
018260
018290
018310
018500
018470
018670
018880
019010
019170
019210
019180
019540
019550
019490
019680
019990
020000
020150
020120
020560
020710
020760
021050
021240
021080
021320
021820
022100
023000
023150
023160
023350
023410
023450
023530
023590
023600
023800
023900
023810
023960
023910
024060
024070
024090
024720
024740
024800
024830
024840
024850
024880
024890
024900
025000
025320
025530
025540
025560
025620
025750
025770
025820
025860
025890
025900
025950
025980
026150
026890
026940
026960
027410
027740
027970
027710
028050
028100
028260
028300
028670
029460
029480
029530
029780
030000
030200
030190
030210
030520
030610
030530
030720
030960
031330
031430
031440
031820
032190
032300
031980
032350
032500
032560
032620
032640
032820
032940
033100
033130
033160
033230
033240
033250
033270
033290
033340
033500
033530
033640
033780
033790
033920
034120
034220
034020
034230
034590
034730
034810
034950
034830
035000
035080
035150
035250
035510
035420
035600
035610
035720
035760
035890
035810
035900
036010
036030
036090
036170
036200
036190
036220
036420
036530
036460
036540
036570
036560
036630
036620
036580
036690
036710
036800
036810
036830
036890
037030
036930
037070
037230
037270
037350
037460
037560
037710
038110
038290
038390
038460
038500
038680
038540
039130
039030
039200
039440
039490
039560
039570
039610
039830
039840
039980
039860
040160
040300
040910
041190
041440
041510
041520
041590
041650
041830
041910
041920
041930
041960
042370
042420
042000
042500
042510
042600
042660
042520
043150
043260
042700
043370
043610
044380
044450
044490
044990
044820
045100
045970
045390
046070
046120
046210
046440
046940
046890
046970
047040
047310
047050
047400
047770
047810
047820
047920
048410
048530
048430
048550
048910
048870
049070
049080
049180
049520
049720
049430
049630
049950
049800
049960
051160
050890
051360
051370
051500
051630
051900
051600
051910
051980
052020
052260
052330
052420
052400
052690
052790
052710
052860
053030
053210
053080
053050
053260
053300
053610
053580
053690
053800
053700
054050
054210
054450
054540
054620
054670
054950
054800
054920
055490
056080
056090
056190
056360
057050
058400
058430
058470
058610
058630
058650
058730
058820
058850
058860
059090
058970
059210
059120
059270
060150
060250
060280
060370
060560
060590
060980
061090
060720
062040
061970
062970
063160
063570
064260
064290
064350
064400
064550
064760
064820
064850
064960
065170
065440
065350
065450
065530
065500
065660
065680
065710
066310
066410
066430
066570
066590
066620
066700
066970
067160
067080
067280
067290
067310
067390
067630
067830
067900
067990
068240
068270
068760
068290
068790
068930
069080
069260
069460
069510
069540
069620
069640
069730
069960
070960
071050
071090
071200
071280
071320
071950
071840
071970
072130
072710
072870
072950
073010
073240
073490
073560
074430
074600
074610
075180
075580
077360
077500
077970
078000
078020
078070
078130
078140
078150
078160
078340
078350
078520
078600
078890
078930
079160
079370
079430
079550
079810
079900
079940
079960
079980
080160
080220
080420
081180
080580
081000
081660
082270
082740
082800
082850
082920
083310
083420
083450
083500
083650
083930
083790
084010
084370
084110
084650
084670
084690
084680
084850
084990
084870
085310
085670
085660
085910
086280
086390
086450
086670
086520
086710
086890
086820
086900
086960
086980
087010
088130
088260
088280
088390
088790
088800
089010
089030
089230
089470
089590
089600
089860
089890
089970
089980
090080
090350
090360
090430
090370
090460
090710
090470
090850
091440
091120
091580
091700
092040
091810
092070
092130
092190
092200
092230
092220
092440
092460
092730
092780
092790
092870
093050
093190
093320
093240
093520
093640
093370
094170
094280
094360
094480
094820
095190
094940
095270
095340
095500
095570
095610
095660
095720
095700
096240
096250
096350
096530
096760
096770
097230
098070
097950
098120
097520
098460
099190
099320
099430
099440
099750
100090
100120
100130
100220
100250
100590
100700
100790
100840
101140
101160
101170
101330
101360
101490
101530
101670
101730
101930
101970
102120
102260
102460
102710
102940
103140
103590
104480
104700
104460
104830
105330
105550
105630
105740
105840
106190
107590
107640
107600
108230
108380
108320
108490
108860
108670
109070
109610
109080
109740
110990
111110
111380
112040
112290
111770
112610
114090
114190
114810
114840
115180
115310
115440
115450
115500
117580
117670
117730
118000
118990
119610
119650
119830
119850
120030
120110
121440
120240
121600
121800
122450
122640
122870
122900
122990
123040
123330
123410
123700
123690
123860
123890
124500
125020
124560
125490
126340
125210
126560
126600
126700
126720
126730
127120
128940
128820
129920
129260
130660
131290
131030
131370
131970
131400
133820
136150
134790
134380
136480
136490
136540
137310
137400
137950
138040
138080
138360
138490
138610
139480
139990
140410
140670
140860
141080
140910
141000
143160
143210
142210
144510
144960
145020
145210
145720
145270
145990
147830
146320
148150
149950
149980
151860
153460
155660
156100
158430
159010
160190
160980
161390
161000
161890
161580
163280
163560
163730
166090
166480
168360
170900
170920
171090
172670
173130
174900
175140
176750
178920
178320
179290
180640
179900
181710
180400
182360
182400
183190
183300
185750
187660
187790
187870
189300
190510
191420
192080
192400
192250
192410
192440
192820
194480
194370
192650
194700
195870
195940
196170
199430
199800
199820
200130
200470
200670
200710
200880
203400
203650
201490
204320
204270
204210
204610
204620
205100
205470
205500
206650
206640
209640
207940
208370
210540
210980
211050
211270
212560
213420
213500
214150
214180
214270
214320
214330
214370
214390
214420
214430
214450
214680
215000
215100
215200
215600
215790
216080
217270
217330
217500
217590
217730
217820
218410
220100
219130
220260
221800
222080
222800
223250
225190
225530
225570
226320
226400
226590
227840
227950
228670
228760
228850
229640
230240
230360
232140
234030
232680
234080
234340
234690
235980
236200
237690
237880
240550
238090
240810
241520
241560
241590
241770
241710
242040
243070
243840
244920
246710
246720
247540
248070
248170
250060
249420
251120
251270
251370
251970
253450
252990
253590
254490
253840
255220
255440
256840
256940
259630
257720
259960
261780
260970
263720
263750
263860
264450
264660
264850
264900
265520
265560
265740
267250
267260
267270
267320
267290
267850
268280
267980
269620
270660
271560
271940
271980
272110
272210
272290
272450
272550
274090
277810
277880
278280
278470
278650
281740
280360
281820
282330
282720
282880
284740
285130
285490
287840
289930
286940
289080
290550
290660
290650
290690
290720
290740
293480
293490
293580
293780
293940
294570
294630
294870
295310
297090
298020
297890
298000
298040
298050
298380
298540
298690
299030
299170
300080
299660
300720
302440
303810
302550
304100
304360
306200
305090
306620
307750
307180
307930
308080
307950
309710
308170
308430
309960
310200
310210
314130
311690
314930
317330
315640
317450
317400
317770
318060
317830
319400
319660
321550
321370
322000
322180
322310
322510
323350
323280
323410
323990
326030
328130
327260
329180
330590
330350
331740
330730
331920
330860
332570
334890
333430
334970
336260
336370
336680
336570
337930
338100
338220
338840
339770
339950
340450
340360
340570
344820
347700
347850
347860
348080
348150
348210
348340
348350
348370
348950
350520
352090
352480
352820
353810
353200
355150
356680
354320
356860
357120
357230
357250
357430
357550
357580
357780
360070
361390
361610
362320
363280
365270
365330
365340
365550
368770
370090
366030
371950
372170
372910
373220
375500
376270
376300
376900
377190
377300
377460
377480
377740
378340
378850
380550
380540
381620
381970
382480
382800
382840
382900
383220
383310
383800
388050
388210
388720
388790
389020
389030
389260
389470
389650
389500
394800
394280
393890
396270
396300
396470
396690
399720
400760
402030
402340
402490
403550
403850
403870
404990
405100
408920
413390
412350
411080
413630
416180
417200
417010
417500
417840
417970
418420
418470
418550
419530
424870
420770
424960
425040
425420
432720
432320
432470
439260
437730
439090
439580
440110
441270
443060
443250
443670
445090
445180
445680
446070
446540
448280
448900
448710
450950
450080
451220
451760
451800
452190
452260
452280
452430
453340
452450
453450
454910
455900
456010
456040
456070
456160
457550
457190
458650
459510
458870
460850
460860
460940
460930
461030
462350
461300
462860
462520
463020
463480
462870
466100
464080
465770
468530
469610
473980
474170
472850
474610
475230
474650
475150
475400
475560
475580
475830
475960
476040
478340
480370
481070
482630
481850
484120
483650
484590
484870
486990
484810
488280
489460
487570
489500
494120
489790
499790
493330
900140
950130
950160
950140
950190
950210
