015760
028260
012330
090430
018260
000270
017670
005935
032830
055550
051910
034730
035420
033780
005490
105560
051900
000810
002790
003550
011170
096770
035250
023530
010130
086280
034220
030200
008930
086790
001040
024110
066570
006400
009540
088350
010950
004020
009240
047810
021240
139480
000030
001800
051600
032640
097950
027410
161390
009150
007070
000120
008770
002380
005830
005387
078930
029780
018880
036570
012630
004800
006800
000720
128940
036460
007310
012750
011210
138930
009830
016360
071050
069960
004990
005300
000880
010140
005940
005385
005610
000100
001450
111770
192400
047040
088980
005440
000670
028670
047050
000150
000210
004170
003490
034020
004370
079160
008560
105630
006280
014820
030000
161890
011070
138040
114090
010060
090435
192820
005250
003450
139130
006360
003690
001740
000060
039130
000240
012450
011780
000080
120110
071840
057050
049770
006120
082640
064350
003410
051915
010780
108670
002270
002550
011790
002350
010120
042670
117930
003240
010620
180640
033920
023590
204320
181710
017800
011200
039490
024720
037620
028050
042660
003620
006040
214320
005740
009970
000070
073240
052690
081660
006260
001430
006650
025540
006840
001680
122900
001120
004000
020560
034310
007570
003300
053210
020000
093050
064960
016450
069620
008000
068870
170900
031430
084690
079430
085620
037560
003470
051905
002240
014680
011760
002020
017810
019680
115390
069260
044820
138250
003090
031440
058650
071320
175330
003000
018670
005180
214420
034120
185750
001520
103140
001230
000640
009290
001060
072710
002960
000370
000230
015860
027390
009420
900140
036580
060980
017390
029530
005850
007210
000990
012510
002990
007340
003920
008490
000050
210980
004490
002320
003540
101060
145990
096760
000815
104700
004710
001720
005880
021960
014830
037710
009450
009410
002795
003850
005090
017940
025860
011160
004690
003570
003200
001780
036530
016800
005720
097230
032350
003530
003030
009680
095570
001630
007690
015350
011090
033660
192530
007160
000480
066575
078520
016580
001510
008060
126560
102460
012320
002780
000320
004700
003220
005500
112610
200880
003520
000400
003940
008020
093370
183190
029460
001130
003560
002450
004360
030610
001725
020150
102280
033270
006060
000140
213500
214390
002810
000970
014280
003070
001360
900050
000860
000390
009580
005810
000680
094800
097955
000430
082740
092230
008730
085310
001500
002620
102260
001880
000155
013520
007700
007860
079980
051310
005390
089470
002390
001045
001200
010050
095720
039570
004970
004150
005690
003120
004980
084010
003060
002030
005680
068400
084680
002000
025000
003160
004840
035510
005750
042700
037270
067830
004430
000540
011280
025560
006220
015360
005389
004250
002880
002250
033530
001940
021820
017960
136490
007810
004060
002460
000700
123690
034300
007660
138490
001460
084870
000890
092440
001790
103590
090350
100250
107590
092200
009160
007540
011000
009440
020760
000490
010690
094280
001440
016710
026890
044450
033240
004130
071055
117580
000020
003480
069640
001390
004910
161000
058860
004960
003545
168490
019170
091090
004380
016880
012690
016610
003280
007980
002300
077970
015890
000040
163560
075180
001270
100840
003230
011150
010820
002310
002630
003350
006390
004830
012160
035000
030210
003460
010955
002820
015540
02826K
002840
058850
012610
004560
002360
004890
008040
002170
130660
004540
041650
000180
003830
012200
005960
110570
005870
006370
005800
019440
001530
034590
004870
006090
008250
005950
001250
071970
152550
000850
024090
024890
009200
078000
014990
019300
023000
003650
017900
002150
006340
001020
016090
005945
014790
014710
018470
003555
017550
005190
068290
005010
008350
105840
145210
003080
012030
079660
013570
053690
025750
011810
001340
009270
002100
100220
016590
003610
129260
002210
015020
002920
014130
006880
005305
084670
004200
005110
014160
001210
006380
000650
134380
109070
123700
003960
005360
013870
077500
058430
019685
014530
005430
004310
001750
008600
063160
103130
011785
017040
015230
068270
035720
026960
130960
086900
034230
016170
084990
078340
039030
028150
041960
035760
069080
102940
096530
084110
200130
082270
036490
048260
051500
028300
022100
034830
046890
041510
056190
112040
122870
032190
030190
016100
006730
035080
214450
030530
108790
048530
092040
025770
085660
036830
003670
052400
078160
058470
206640
060250
025900
038500
095700
192440
027050
043150
031390
049960
036420
030520
215000
108320
041830
086980
067080
035600
200670
053030
005990
091700
111610
053300
089600
080160
123420
068240
069110
024660
015750
115160
098460
013030
114120
063080
108230
168330
052790
067390
036800
012700
085370
016250
053800
013120
138690
041140
095660
086450
078020
119610
114570
013990
104830
900120
023410
066270
063170
052260
023890
008290
003800
067280
054950
121440
036030
160550
099190
046440
178920
060590
100120
094840
046140
025980
095340
065150
060300
194480
011040
054050
067160
083790
166480
078070
041590
035810
039840
060720
033290
225650
038290
173940
054780
018120
102710
014620
043370
019210
067000
015710
189980
087010
023160
054670
014100
065620
104480
036930
024950
067290
194510
060240
084370
044490
063570
100700
143240
068760
033560
122990
036190
123330
900040
001540
950130
041520
043610
005290
121600
071200
093920
064760
900100
058820
011370
004650
097520
106520
095270
034810
041460
171120
222800
140410
114810
138070
187420
041910
036540
214180
041440
143160
086960
200780
074600
053350
115450
213420
061460
136480
064260
192250
092070
031980
053980
018310
065510
094480
064240
053280
026040
060570
052710
092730
035610
038390
047560
087600
038460
051370
100130
077360
000250
066700
007390
086390
039860
104200
048550
064090
021320
195990
042510
042520
187220
131030
034950
052330
036200
214430
060150
054800
149980
054620
089030
215360
031330
082920
035620
038060
035890
196170
141080
072470
038540
060280
017890
080420
900180
014470
005160
052770
003100
047080
088390
044340
126700
123100
051360
136540
033500
101730
900070
045100
040350
049070
051170
069920
131370
033640
111820
006910
072870
033160
042420
040160
053590
069410
026260
043710
086890
033130
142280
038680
053450
048410
093190
094850
065160
900080
036560
067310
215200
028080
078890
032850
122450
084730
002230
065680
066910
104540
149950
035900
123410
039830
083310
029960
038870
141000
126600
064550
041920
030960
036670
092130
084650
151860
023910
032620
007720
131290
024910
039200
159910
012790
051980
020710
043650
037950
101490
066620
053110
079370
022220
086520
159580
090850
057540
109960
032040
900090
205100
058630
080220
085810
095610
045970
150840
005710
049520
016670
036000
072020
122350
130580
108380
039790
050890
053810
068330
007820
033170
026180
023600
052290
039560
141020
052460
088130
023760
066980
046210
021080
138360
034940
097870
036630
078140
091120
032500
018680
066970
095500
049180
035480
089980
049080
027710
047310
046120
030350
004780
038880
039980
099830
056080
059210
038070
065950
083650
123860
065560
023900
060310
052300
036890
037400
086040
089850
040610
123260
036170
069510
115310
191420
036180
067990
040420
040300
039440
058530
090360
064800
052220
014970
014940
040910
101330
047820
106190
042110
080520
060370
068790
088800
108860
