004410
006890
014950
031820
037030
049180
053050
061090
062040
065500
079900
081180
092040
094940
098070
125020
125490
126730
131400
136150
137950
160190
163280
176750
209640
212560
217500
217590
226590
234030
240550
287840
289930
295310
303810
308430
309710
317450
318060
331740
336680
340450
347850
380550
381620
388210
389650
394800
424870
439260
443060
448900
450950
452450
453450
456070
456160
458650
458870
459510
460940
461300
462860
462870
463020
464080
464490
466100
468530
469610
473980
474170
474610
474650
475150
475230
475400
475560
475580
475830
475960
476040
476060
478340
481070
482630
483650
484120
484590
484810
484870
486990
487570
488280
489460
489500
489790
493330
494120
499790